Webots Project File version R2023b
perspectives: 000000ff00000000fd0000000200000001000002ce0000026ffc0200000001fb0000001400540065007800740045006400690074006f0072010000001e0000026f0000009400ffffff000000030000078000000122fc0100000001fb0000001a0043006f006e0073006f006c00650041006c006c0041006c006c0100000000000007800000006900ffffff000004b00000026f00000001000000020000000100000008fc00000000
simulationViewPerspectives: 000000ff000000010000000200000147000003670100000002010000000100
sceneTreePerspectives: 000000ff000000010000000300000026000000c0000000fa0100000002010000000200
minimizedPerspectives: 000000ff00000000fd0000000200000001000003570000026ffc0200000001fb0000001400540065007800740045006400690074006f0072010000001e0000026f0000009400ffffff000000030000078000000122fc0100000001fb0000001a0043006f006e0073006f006c00650041006c006c0041006c006c0100000000000007800000006900ffffff000004270000026f00000001000000020000000100000008fc00000000
maximizedDockId: -1
centralWidgetVisible: 1
orthographicViewHeight: 1
textFiles: 6 "controllers/ik_walk/ik_walk.py" "controllers/my_controllerjj/my_controllerjj.py" "controllers/my_controllerjj/move.json" "controllers/my_controllerj/my_controllerj.py" "controllers/head_controller/head_controller.py" "protos/SAHRV74/SAHRV74Robocup.proto" "controllers/falling_controller/falling_controller.py" "controllers/falling_controller/standup_back.json" "controllers/falling_controller/standup_front.json"
consoles: Console:All:All
renderingDevicePerspectives: red player 1:left_camera;1;0.398148;0;0
renderingDevicePerspectives: red player 1:right_camera;1;0.796296;0;0
